
EICP Column Injection strategy

injectionEnd: end times of the injections. time in hours!
injectionType: specifies the type of injection during the corresponding episode:
-91, -92, -93, -94, no flow, measurement time points
-999: no flow over night,
1: calcium und urea, (+ first measurement)
2: enzyme,
-1: spacer composed of NH4Cl

!!do NOT remove the # after the input data!
injectionEnd [s], injectionType

EndTimes
211
222
433
1333
2233
3133
4033
5833
7633
7844
8744
9644
10544
11444
13244
15044
15255
15266
15477
16377
17277
18177
19077
20877
22677
22888
23788
24688
25588
26488
28288
30088
86400
86611
86622
86833
87733
88633
89533
90433
92233
94033
94244
95144
96044
96944
97844
99644
101444
101655
101666
101877
102777
103677
104577
105477
107277
109077
109288
110188
111088
111988
112888
114688
116488
172800
173011
173022
173233
174133
175033
175933
176833
178633
180433
180644
181544
182444
183344
184244
186044
187844
188055
188066
188277
189177
190077
190977
191877
193677
195477
195688
196588
197488
198388
199288
201088
202888
#

InjectionTypes
2
-1
1
-91
-92
-93
-94
-95
-96
1
-91
-92
-93
-94
-95
-96
2
-1
1
-91
-92
-93
-94
-95
-96
1
-91
-92
-93
-94
-95
-96
-999
2
-1
1
-91
-92
-93
-94
-95
-96
1
-91
-92
-93
-94
-95
-96
2
-1
1
-91
-92
-93
-94
-95
-96
1
-91
-92
-93
-94
-95
-96
-999
2
-1
1
-91
-92
-93
-94
-95
-96
1
-91
-92
-93
-94
-95
-96
2
-1
1
-91
-92
-93
-94
-95
-96
1
-91
-92
-93
-94
-95
-96
#