
EICP Column Injection strategy

injectionEnd: end times of the injections. time in hours!
injectionType: specifies the type of injection during the corresponding episode:
-91, -92, -93, -94, no flow, measurement time points
-999: no flow over night,
1: calcium und urea, (+ first measurement)
2: enzyme,
-1: spacer composed of NH4Cl

!!do NOT remove the # after the input data!
injectionEnd [s], injectionType

EndTimes
211
222
433
1333
2233
4033
7633
7844
7855
8066
8966
9866
11666
15266
15477
15488
15699
16599
17499
19299
22899
23110
23121
23332
24232
25132
26932
30532
86400
86611
86622
86833
87733
88633
90433
94033
94244
94255
94466
95366
96266
98066
101666
101877
101888
102099
102999
103899
105699
109299
109510
109521
109732
110632
111532
113332
116932
172800
173011
173022
173233
174133
175033
176833
180433
180644
180655
180866
181766
182666
184466
188066
188277
188288
188499
189399
190299
192099
195699
195910
195921
196132
197032
197932
199732
203332
203543
203554
203765
204665
205565
207365
210965
#

InjectionTypes
2
-1
1
-91
-92
-93
-94
2
-1
1
-91
-92
-93
-94
2
-1
1
-91
-92
-93
-94
2
-1
1
-91
-92
-93
-94
-999
2
-1
1
-91
-92
-93
-94
2
-1
1
-91
-92
-93
-94
2
-1
1
-91
-92
-93
-94
2
-1
1
-91
-92
-93
-94
-999
2
-1
1
-91
-92
-93
-94
2
-1
1
-91
-92
-93
-94
2
-1
1
-91
-92
-93
-94
2
-1
1
-91
-92
-93
-94
2
-1
1
-91
-92
-93
-94
#